200   5
0.0248756 0.0058928
0.0497512 0.0117747
0.0746269 0.0176347
0.0995025 0.023462
0.124378 0.029246
0.149254 0.0349759
0.174129 0.0406414
0.199005 0.0462322
0.223881 0.0517383
0.248756 0.05715
0.273632 0.0624578
0.298507 0.0676526
0.323383 0.0727254
0.348259 0.0776681
0.373134 0.0824723
0.39801 0.0871306
0.422886 0.0916357
0.447761 0.0959808
0.472637 0.10016
0.497512 0.104166
0.522388 0.107996
0.547264 0.111643
0.572139 0.115104
0.597015 0.118374
0.621891 0.12145
0.646766 0.124331
0.671642 0.127012
0.696517 0.129494
0.721393 0.131773
0.746269 0.133851
0.771144 0.135726
0.79602 0.1374
0.820896 0.138872
0.845771 0.140144
0.870647 0.141218
0.895522 0.142096
0.920398 0.142781
0.945274 0.143276
0.970149 0.143584
0.995025 0.143709
1.0199 0.143656
1.04478 0.143428
1.06965 0.143031
1.09453 0.14247
1.1194 0.141749
1.14428 0.140876
1.16915 0.139855
1.19403 0.138693
1.21891 0.137396
1.24378 0.13597
1.26866 0.134422
1.29353 0.132758
1.31841 0.130985
1.34328 0.12911
1.36816 0.12714
1.39303 0.12508
1.41791 0.122939
1.44279 0.120722
1.46766 0.118437
1.49254 0.11609
1.51741 0.113688
1.54229 0.111236
1.56716 0.108742
1.59204 0.106211
1.61692 0.103649
1.64179 0.101063
1.66667 0.0984575
1.69154 0.0958387
1.71642 0.0932116
1.74129 0.0905815
1.76617 0.0879532
1.79104 0.0853314
1.81592 0.0827205
1.8408 0.0801249
1.86567 0.0775486
1.89055 0.0749953
1.91542 0.0724687
1.9403 0.0699722
1.96517 0.0675087
1.99005 0.0650812
2.01493 0.0626925
2.0398 0.0603448
2.06468 0.0580405
2.08955 0.0557816
2.11443 0.0535698
2.1393 0.0514068
2.16418 0.049294
2.18905 0.0472325
2.21393 0.0452234
2.23881 0.0432675
2.26368 0.0413655
2.28856 0.0395178
2.31343 0.0377249
2.33831 0.0359869
2.36318 0.0343039
2.38806 0.0326757
2.41294 0.0311022
2.43781 0.029583
2.46269 0.0281177
2.48756 0.0267057
2.51244 0.0253464
2.53731 0.024039
2.56219 0.0227828
2.58706 0.0215768
2.61194 0.0204202
2.63682 0.0193119
2.66169 0.0182508
2.68657 0.0172358
2.71144 0.0162658
2.73632 0.0153396
2.76119 0.014456
2.78607 0.0136138
2.81095 0.0128117
2.83582 0.0120485
2.8607 0.0113228
2.88557 0.0106335
2.91045 0.00997921
2.93532 0.00935872
2.9602 0.00877075
2.98507 0.00821405
3.00995 0.0076874
3.03483 0.00718958
3.0597 0.00671939
3.08458 0.00627565
3.10945 0.00585721
3.13433 0.00546294
3.1592 0.00509173
3.18408 0.00474253
3.20896 0.00441427
3.23383 0.00410594
3.25871 0.00381657
3.28358 0.00354519
3.30846 0.00329088
3.33333 0.00305275
3.35821 0.00282994
3.38308 0.00262163
3.40796 0.00242702
3.43284 0.00224535
3.45771 0.00207589
3.48259 0.00191792
3.50746 0.0017708
3.53234 0.00163386
3.55721 0.00150651
3.58209 0.00138816
3.60697 0.00127825
3.63184 0.00117626
3.65672 0.00108169
3.68159 0.000994055
3.70647 0.000912917
3.73134 0.000837845
3.75622 0.000768436
3.78109 0.00070431
3.80597 0.000645107
3.83085 0.000590489
3.85572 0.000540137
3.8806 0.000493751
3.90547 0.00045105
3.93035 0.000411769
3.95522 0.00037566
3.9801 0.000342489
4.00498 0.000312041
4.02985 0.00028411
4.05473 0.000258506
4.0796 0.000235053
4.10448 0.000213584
4.12935 0.000193946
4.15423 0.000175993
4.1791 0.000159594
4.20398 0.000144623
4.22886 0.000130965
4.25373 0.000118513
4.27861 0.000107168
4.30348 9.68388e-05
4.32836 8.74392e-05
4.35323 7.88909e-05
4.37811 7.11213e-05
4.40299 6.40632e-05
4.42786 5.76547e-05
4.45274 5.18387e-05
4.47761 4.65625e-05
4.50249 4.17775e-05
4.52736 3.7439e-05
4.55224 3.35059e-05
4.57711 2.99402e-05
4.60199 2.67071e-05
4.62687 2.37744e-05
4.65174 2.11125e-05
4.67662 1.86942e-05
4.70149 1.64941e-05
4.72637 1.4489e-05
4.75124 1.26573e-05
4.77612 1.0979e-05
4.801 9.43517e-06
4.82587 8.00844e-06
4.85075 6.68226e-06
4.87562 5.44097e-06
4.9005 4.26962e-06
4.92537 3.15379e-06
4.95025 2.07944e-06
4.97512 1.03277e-06
0.0248756 0.00721537
0.0497512 0.0143995
0.0746269 0.0215213
0.0995025 0.0285499
0.124378 0.0354551
0.149254 0.0422071
0.174129 0.0487768
0.199005 0.0551362
0.223881 0.0612582
0.248756 0.0671167
0.273632 0.0726872
0.298507 0.0779462
0.323383 0.0828719
0.348259 0.0874441
0.373134 0.0916441
0.39801 0.0954551
0.422886 0.098862
0.447761 0.101852
0.472637 0.104413
0.497512 0.106536
0.522388 0.108215
0.547264 0.109443
0.572139 0.110217
0.597015 0.110536
0.621891 0.110401
0.646766 0.109814
0.671642 0.10878
0.696517 0.107305
0.721393 0.105398
0.746269 0.103068
0.771144 0.100328
0.79602 0.0971892
0.820896 0.0936681
0.845771 0.0897804
0.870647 0.0855435
0.895522 0.0809763
0.920398 0.0760986
0.945274 0.0709312
0.970149 0.0654958
0.995025 0.0598149
1.0199 0.0539116
1.04478 0.0478094
1.06965 0.0415326
1.09453 0.0351052
1.1194 0.0285518
1.14428 0.021897
1.16915 0.015165
1.19403 0.00838014
1.21891 0.00156641
1.24378 -0.00525267
1.26866 -0.012054
1.29353 -0.0188152
1.31841 -0.0255143
1.34328 -0.0321304
1.36816 -0.0386432
1.39303 -0.0450334
1.41791 -0.0512827
1.44279 -0.0573736
1.46766 -0.06329
1.49254 -0.0690166
1.51741 -0.0745394
1.54229 -0.0798456
1.56716 -0.0849236
1.59204 -0.0897628
1.61692 -0.094354
1.64179 -0.0986892
1.66667 -0.102762
1.69154 -0.106566
1.71642 -0.110097
1.74129 -0.113352
1.76617 -0.116328
1.79104 -0.119026
1.81592 -0.121444
1.8408 -0.123584
1.86567 -0.125448
1.89055 -0.127039
1.91542 -0.128361
1.9403 -0.129418
1.96517 -0.130216
1.99005 -0.130761
2.01493 -0.131061
2.0398 -0.131122
2.06468 -0.130953
2.08955 -0.130562
2.11443 -0.129958
2.1393 -0.129151
2.16418 -0.128151
2.18905 -0.126967
2.21393 -0.125609
2.23881 -0.124088
2.26368 -0.122415
2.28856 -0.1206
2.31343 -0.118654
2.33831 -0.116586
2.36318 -0.114408
2.38806 -0.11213
2.41294 -0.109762
2.43781 -0.107314
2.46269 -0.104796
2.48756 -0.102217
2.51244 -0.0995868
2.53731 -0.0969145
2.56219 -0.0942085
2.58706 -0.0914772
2.61194 -0.0887286
2.63682 -0.0859702
2.66169 -0.0832094
2.68657 -0.080453
2.71144 -0.0777075
2.73632 -0.074979
2.76119 -0.0722731
2.78607 -0.0695952
2.81095 -0.0669501
2.83582 -0.0643424
2.8607 -0.0617763
2.88557 -0.0592554
2.91045 -0.0567832
2.93532 -0.0543627
2.9602 -0.0519966
2.98507 -0.0496873
3.00995 -0.0474367
3.03483 -0.0452467
3.0597 -0.0431185
3.08458 -0.0410534
3.10945 -0.0390521
3.13433 -0.0371154
3.1592 -0.0352436
3.18408 -0.0334368
3.20896 -0.031695
3.23383 -0.0300178
3.25871 -0.0284049
3.28358 -0.0268556
3.30846 -0.0253692
3.33333 -0.0239447
3.35821 -0.0225812
3.38308 -0.0212775
3.40796 -0.0200323
3.43284 -0.0188443
3.45771 -0.0177121
3.48259 -0.0166342
3.50746 -0.0156091
3.53234 -0.0146353
3.55721 -0.013711
3.58209 -0.0128348
3.60697 -0.0120049
3.63184 -0.0112196
3.65672 -0.0104773
3.68159 -0.00977629
3.70647 -0.00911496
3.73134 -0.00849164
3.75622 -0.0079047
3.78109 -0.00735254
3.80597 -0.00683359
3.83085 -0.00634629
3.85572 -0.00588914
3.8806 -0.00546065
3.90547 -0.00505941
3.93035 -0.004684
3.95522 -0.00433308
3.9801 -0.00400534
4.00498 -0.00369951
4.02985 -0.00341438
4.05473 -0.00314878
4.0796 -0.00290157
4.10448 -0.00267168
4.12935 -0.00245807
4.15423 -0.00225974
4.1791 -0.00207577
4.20398 -0.00190523
4.22886 -0.00174728
4.25373 -0.0016011
4.27861 -0.00146591
4.30348 -0.00134098
4.32836 -0.00122561
4.35323 -0.00111914
4.37811 -0.00102095
4.40299 -0.000930439
4.42786 -0.000847065
4.45274 -0.000770298
4.47761 -0.000699646
4.50249 -0.000634644
4.52736 -0.000574855
4.55224 -0.000519867
4.57711 -0.000469294
4.60199 -0.000422772
4.62687 -0.000379959
4.65174 -0.000340535
4.67662 -0.000304195
4.70149 -0.000270654
4.72637 -0.000239644
4.75124 -0.000210908
4.77612 -0.000184205
4.801 -0.000159304
4.82587 -0.000135985
4.85075 -0.000114037
4.87562 -9.3256e-05
4.9005 -7.34425e-05
4.92537 -5.44023e-05
4.95025 -3.59432e-05
4.97512 -1.78734e-05
0.0248756 -0.00806579
0.0497512 -0.0160767
0.0746269 -0.0239782
0.0995025 -0.0317166
0.124378 -0.0392394
0.149254 -0.0464955
0.174129 -0.0534358
0.199005 -0.0600135
0.223881 -0.0661842
0.248756 -0.0719066
0.273632 -0.0771423
0.298507 -0.0818567
0.323383 -0.0860185
0.348259 -0.0896005
0.373134 -0.0925794
0.39801 -0.0949362
0.422886 -0.0966563
0.447761 -0.0977293
0.472637 -0.0981493
0.497512 -0.097915
0.522388 -0.0970293
0.547264 -0.0954996
0.572139 -0.0933378
0.597015 -0.0905596
0.621891 -0.0871851
0.646766 -0.0832382
0.671642 -0.0787463
0.696517 -0.0737405
0.721393 -0.068255
0.746269 -0.062327
0.771144 -0.0559963
0.79602 -0.0493051
0.820896 -0.0422977
0.845771 -0.0350201
0.870647 -0.0275197
0.895522 -0.0198449
0.920398 -0.0120449
0.945274 -0.0041692
0.970149 0.00373253
0.995025 0.011611
1.0199 0.0194176
1.04478 0.0271046
1.06965 0.0346254
1.09453 0.0419351
1.1194 0.0489904
1.14428 0.0557504
1.16915 0.0621761
1.19403 0.0682313
1.21891 0.0738824
1.24378 0.0790985
1.26866 0.0838521
1.29353 0.0881186
1.31841 0.0918765
1.34328 0.0951081
1.36816 0.0977986
1.39303 0.0999368
1.41791 0.101515
1.44279 0.102529
1.46766 0.102976
1.49254 0.102861
1.51741 0.102187
1.54229 0.100963
1.56716 0.0992009
1.59204 0.0969144
1.61692 0.0941203
1.64179 0.0908379
1.66667 0.0870889
1.69154 0.0828969
1.71642 0.0782875
1.74129 0.073288
1.76617 0.0679274
1.79104 0.0622355
1.81592 0.0562437
1.8408 0.0499838
1.86567 0.0434886
1.89055 0.0367911
1.91542 0.0299246
1.9403 0.0229224
1.96517 0.0158176
1.99005 0.00864294
2.01493 0.00143065
2.0398 -0.00578779
2.06468 -0.0129817
2.08955 -0.0201216
2.11443 -0.0271789
2.1393 -0.0341264
2.16418 -0.0409383
2.18905 -0.0475902
2.21393 -0.0540594
2.23881 -0.0603247
2.26368 -0.0663665
2.28856 -0.0721671
2.31343 -0.0777105
2.33831 -0.0829824
2.36318 -0.0879703
2.38806 -0.0926635
2.41294 -0.0970532
2.43781 -0.101132
2.46269 -0.104894
2.48756 -0.108337
2.51244 -0.111457
2.53731 -0.114253
2.56219 -0.116727
2.58706 -0.118882
2.61194 -0.120719
2.63682 -0.122244
2.66169 -0.123464
2.68657 -0.124385
2.71144 -0.125014
2.73632 -0.125362
2.76119 -0.125437
2.78607 -0.12525
2.81095 -0.124813
2.83582 -0.124136
2.8607 -0.123233
2.88557 -0.122114
2.91045 -0.120794
2.93532 -0.119285
2.9602 -0.117601
2.98507 -0.115753
3.00995 -0.113756
3.03483 -0.111623
3.0597 -0.109366
3.08458 -0.106998
3.10945 -0.104533
3.13433 -0.101981
3.1592 -0.0993551
3.18408 -0.0966668
3.20896 -0.093927
3.23383 -0.0911466
3.25871 -0.0883356
3.28358 -0.085504
3.30846 -0.0826609
3.33333 -0.0798152
3.35821 -0.0769751
3.38308 -0.0741483
3.40796 -0.071342
3.43284 -0.068563
3.45771 -0.0658173
3.48259 -0.0631106
3.50746 -0.0604481
3.53234 -0.0578343
3.55721 -0.0552736
3.58209 -0.0527694
3.60697 -0.0503252
3.63184 -0.0479435
3.65672 -0.045627
3.68159 -0.0433774
3.70647 -0.0411965
3.73134 -0.0390854
3.75622 -0.0370451
3.78109 -0.0350761
3.80597 -0.0331787
3.83085 -0.0313529
3.85572 -0.0295985
3.8806 -0.0279149
3.90547 -0.0263014
3.93035 -0.0247572
3.95522 -0.0232812
3.9801 -0.0218721
4.00498 -0.0205286
4.02985 -0.0192491
4.05473 -0.018032
4.0796 -0.0168757
4.10448 -0.0157783
4.12935 -0.014738
4.15423 -0.013753
4.1791 -0.0128212
4.20398 -0.0119407
4.22886 -0.0111096
4.25373 -0.0103258
4.27861 -0.00958729
4.30348 -0.00889217
4.32836 -0.00823845
4.35323 -0.00762417
4.37811 -0.0070474
4.40299 -0.00650627
4.42786 -0.00599891
4.45274 -0.0055235
4.47761 -0.00507827
4.50249 -0.00466148
4.52736 -0.00427145
4.55224 -0.00390652
4.57711 -0.0035651
4.60199 -0.00324563
4.62687 -0.00294662
4.65174 -0.00266658
4.67662 -0.0024041
4.70149 -0.0021578
4.72637 -0.00192633
4.75124 -0.00170837
4.77612 -0.00150265
4.801 -0.00130792
4.82587 -0.00112294
4.85075 -0.000946501
4.87562 -0.000777402
4.9005 -0.000614449
4.92537 -0.000456444
4.95025 -0.000302186
4.97512 -0.000150453
