20 0.01
2.61905 0.169626
5.2381 0.316737
7.85714 0.407732
10.4762 0.443762
13.0952 0.431717
15.7143 0.374517
18.3333 0.300779
20.9524 0.226722
23.5714 0.154265
26.1905 0.0992865
28.8095 0.0629857
31.4286 0.0340529
34.0476 0.0167294
36.6667 0.0109719
39.2857 0.00526328
41.9048 -7.40357e-05
44.5238 0.000755938
47.1429 0.0024016
49.7619 -7.119e-05
52.381 -0.00203526
2.61905 -0.264034
5.2381 0.308527
7.85714 -0.104524
10.4762 -0.196359
13.0952 0.317719
15.7143 -0.163988
18.3333 -0.150285
20.9524 0.312054
23.5714 -0.160285
26.1905 -0.167084
28.8095 0.302617
31.4286 -0.0754654
34.0476 -0.248526
36.6667 0.234235
39.2857 0.119071
41.9048 -0.290915
44.5238 -0.0112435
47.1429 0.290664
49.7619 -0.0270412
52.381 -0.293514
2.61905 0.00050209
5.2381 -0.00233246
7.85714 -0.000538564
10.4762 0.000114709
13.0952 -0.00124582
15.7143 0.00083176
18.3333 0.00254259
20.9524 -0.00219301
23.5714 0.00643043
26.1905 -0.00793849
28.8095 0.0194039
31.4286 -0.0382978
34.0476 0.0748519
36.6667 -0.130652
39.2857 0.213859
41.9048 -0.323465
44.5238 0.442608
47.1429 -0.524488
49.7619 0.501468
52.381 -0.320211
