20 0.5
0.380952 0.337289
0.761905 0.537092
1.14286 0.551902
1.52381 0.434736
1.90476 0.277705
2.28571 0.147847
2.66667 0.0667071
3.04762 0.0258133
3.42857 0.00864788
3.80952 0.00252822
4.19048 0.000649501
4.57143 0.000147543
4.95238 2.98063e-05
5.33333 5.38303e-06
5.71429 8.73367e-07
6.09524 1.27847e-07
6.47619 1.69573e-08
6.85714 2.06438e-09
7.2381 2.43e-10
7.61905 3.03309e-11
0.380952 -0.386106
0.761905 -0.401275
1.14286 -0.0562885
1.52381 0.333292
1.90476 0.507967
2.28571 0.451394
2.66667 0.293902
3.04762 0.151171
3.42857 0.0637909
3.80952 0.0226066
4.19048 0.00684009
4.57143 0.00178941
4.95238 0.000408891
5.33333 8.23121e-05
5.71429 1.47054e-05
6.09524 2.34665e-06
6.47619 3.36423e-07
6.85714 4.35419e-08
7.2381 5.11839e-09
7.61905 5.49604e-10
0.380952 0.399856
0.761905 0.203804
1.14286 -0.283101
1.52381 -0.395798
1.90476 -0.0436742
2.28571 0.351462
2.66667 0.481889
3.04762 0.381313
3.42857 0.218411
3.80952 0.0980086
4.19048 0.0358971
4.57143 0.0110121
4.95238 0.0028815
5.33333 0.000652114
5.71429 0.000129062
6.09524 2.2544e-05
6.47619 3.50257e-06
6.85714 4.87361e-07
7.2381 6.11687e-08
7.61905 6.91388e-09
