20 1
0.261905 0.197106
0.52381 0.354871
0.785714 0.446814
1.04762 0.466394
1.30952 0.425801
1.57143 0.348303
1.83333 0.258644
2.09524 0.175775
2.35714 0.109926
2.61905 0.0635136
2.88095 0.0340098
3.14286 0.0169202
3.40476 0.00783801
3.66667 0.00338706
3.92857 0.00136772
4.19048 0.000516898
4.45238 0.000183086
4.71429 6.08294e-05
4.97619 1.88773e-05
5.2381 5.13283e-06
0.261905 -0.234359
0.52381 -0.359042
0.785714 -0.320768
1.04762 -0.144454
1.30952 0.0892662
1.57143 0.291292
1.83333 0.404968
2.09524 0.420587
2.35714 0.364052
2.61905 0.27418
2.88095 0.183712
3.14286 0.110998
3.40476 0.0610225
3.66667 0.0307255
3.92857 0.0142402
4.19048 0.00609931
4.45238 0.00242209
4.71429 0.000893501
4.97619 0.000304683
5.2381 8.93661e-05
0.261905 0.253973
0.52381 0.322182
0.785714 0.159284
1.04762 -0.114124
1.30952 -0.312113
1.57143 -0.317056
1.83333 -0.142307
2.09524 0.10439
2.35714 0.305677
2.61905 0.398442
2.88095 0.385371
3.14286 0.308015
3.40476 0.21261
3.66667 0.129755
3.92857 0.0710442
4.19048 0.0352466
4.45238 0.0159577
4.71429 0.00662093
4.97619 0.00250362
5.2381 0.000795829
